504
506
870
275
770
775
107
278
678
571
373
805
802
470
902
409
902
901
277
575
701
478
309
874
8
273
976
871
608
400
209
4
274
978
879
71
403
872
577
76
108
1
306
175
408
373
902
205
675
677
678
74
176
873
770
478
972
607
79
172
271
509
404
878
476
504
75
103
905
707
907
605
371
302
971
3
200
702
770
71
908
72
576
273
605
977
806
271
809
809
373
677
973
572
676
773
903
607
603
801
873
674
806
706
7
9
272
78
676
105
74
271
178
476
771
902
109
601
378
176
905
402
200
975
374
372
405
709
907
877
406
603
573
577
703
373
471
204
907
302
671
600
504
400
674
73
300
71
602
672
503
472
475
100
73
701
578
278
675
601
1
478
271
804
403
478
870
700
678
477
478
673
272
975
279
671
573
771
704
904
71
773
406
475
206
171
772
209
970
602
203
600
905
573
272
674
279
271
400
72
505
806
305
974
609
375
405
204
6
706
675
902
170
803
603
879
971
203
677
405
871
872
903
209
476
471
308
379
75
871
377
801
75
676
270
171
579
105
400
701
179
809
509
374
407
72
908
479
474
208
978
104
709
970
304
504
802
74
404
679
778
175
679
173
209
703
6
707
906
279
309
3
1
108
472
974
871
874
509
874
502
977
778
70
674
678
473
779
108
607
775
970
407
207
503
500
71
875
373
578
507
878
803
973
876
279
579
272
903
405
5
407
778
574
70
6
770
800
304
172
908
773
270
300
371
170
670
472
174
378
777
276
706
577
75
778
108
677
74
309
70
277
608
505
973
201
908
772
305
773
507
473
605
272
300
803
905
271
103
570
578
205
678
803
202
609
603
7
971
575
106
678
579
404
276
106
107
872
401
109
771
904
678
103
902
672
205
276
276
376
674
108
4
470
206
906
708
907
503
473
672
207
507
478
907
605
103
708
472
901
3
71
704
407
479
303
572
808
708
102
500
71
576
209
873
574
606
807
274
276
902
205
672
100
7
770
6
604
900
70
372
406
576
502
979
208
907
100
3
275
272
173
273
276
377
478
502
370
872
275
804
207
306
970
70
876
474
609
100
505
875
107
201
405
570
175
104
607
108
205
801
402
177
307
704
3
478
579
775
976
877
709
75
870
471
4
876
705
778
678
874
273
679
702
109
76
701
503
500
770
702
578
101
303
71
508
975
509
879
903
408
179
403
979
876
409
507
309
975
202
504
707
201
809
578
409
770
277
178
577
772
373
79
304
4
901
979
609
672
570
700
209
100
179
275
209
976
109
573
1
72
803
78
503
106
704
206
576
772
476
800
776
3
679
505
476
201
578
500
379
479
200
878
405
474
270
978
378
606
509
872
471
400
105
2
909
770
406
404
301
374
209
704
176
807
3
875
507
702
576
79
1
378
75
378
176
477
371
173
203
700
979
573
303
678
372
9
573
705
6
200
108
375
676
370
174
304
572
76
7
478
872
378
409
575
908
876
108
476
706
100
374
770
572
705
876
78
279
170
603
378
103
400
871
3
578
909
404
177
603
903
801
673
308
576
770
5
602
975
874
73
977
905
109
370
4
807
307
100
79
508
408
103
578
971
400
305
208
275
978
905
203
408
702
273
777
378
676
204
309
670
477
908
675
806
277
7
207
578
776
109
77
409
706
672
201
175
670
606
975
509
178
403
706
608
475
579
673
479
473
774
373
874
503
204
203
804
4
676
73
579
76
876
975
970
209
302
909
875
571
272
779
478
174
5
501
509
7
472
472
102
605
479
878
775
506
872
670
700
375
705
971
976
207
609
471
808
78
478
609
809
576
604
379
901
407
275
208
708
572
675
275
470
779
506
475
903
376
176
177
278
300
273
274
278
409
608
571
103
274
975
876
204
703
805
376
73
173
402
875
904
606
703
470
206
903
207
579
970
905
879
872
603
304
177
900
302
202
402
605
707
877
272
479
78
909
278
679
872
305
306
501
670
778
800
905
604
201
274
777
101
470
479
175
679
779
907
376
372
306
704
105
573
775
272
9
776
201
208
473
705
470
177
207
4
874
309
604
208
103
971
3
973
104
776
902
3
173
373
171
707
76
402
7
278
704
6
774
277
975
971
471
772
901
579
606
570
706
672
504
808
205
178
775
876
376
803
806
79
609
405
577
804
803
170
875
101
73
405
173
378
71
279
675
303
709
305
879
203
970
70
1
107
378
176
209
3
607
507
708
606
506
376
972
72
374
179
77
976
901
171
407
907
177
609
905
705
303
977
6
605
403
502
301
979
975
308
901
607
806
372
272
178
508
376
700
201
201
607
178
870
778
502
701
674
605
171
7
601
103
74
704
76
807
175
472
670
404
4
973
171
7
277
971
371
878
178
172
4
2
808
305
901
501
604
877
370
404
472
873
100
673
476
879
800
9
205
376
773
874
975
378
373
5
3
101
300
604
571
76
475
302
579
806
100
6
774
6
707
209
602
970
174
278
577
909
206
475
273
873
908
376
609
577
673
409
100
771
709
309
174
277
502
377
501
504
604
303
507
800
408
602
173
802
802
173
776
409
377
575
406
608
276
574
270
208
370
607
100
179
177
972
874
9
901
576
772
370
274
179
376
301
276
770
300
504
304
908
603
400
175
472
73
507
279
878
801
576
372
303
103
575
802
307
105
107
178
804
179
772
701
300
870
509
874
400
479
579
478
272
7
700
602
604
206
673
979
708
777
874
271
9
107
872
78
871
502
406
202
979
708
800
803
673
206
677
273
908
9
476
877
303
902
173
109
971
402
377
473
474
277
206
605
278
207
503
276
575
278
105
9
379
278
606
409
201
275
307
2
472
606
904
602
508
176
902
976
70
575
608
974
6
273
505
702
276
1
272
703
708
177
308
2
401
700
972
770
204
578
705
376
3
1
3
606
178
409
908
474
301
603
179
902
503
370
873
274
375
703
578
576
901
872
206
771
704
909
805
507
106
709
2
109
271
709
273
178
375
404
78
176
878
272
572
800
501
2
401
675
679
505
5
971
973
109
379
7
175
774
276
905
71
504
701
300
176
679
302
672
900
309
500
476
977
603
979
205
977
608
207
406
304
709
579
609
270
579
407
102
902
74
805
671
770
872
475
407
503
908
5
700
472
877
707
202
179
302
174
274
204
208
376
277
76
301
602
308
775
479
403
170
72
572
971
273
906
6
376
571
576
208
305
676
906
976
576
702
905
272
978
478
2
508
174
177
674
372
601
478
505
779
706
474
377
207
9
401
701
806
503
278
502
6
72
408
979
475
273
170
378
679
175
806
478
279
674
101
77
800
579
775
77
870
379
301
305
9
404
479
979
100
770
806
875
204
374
775
775
770
971
104
975
100
677
807
703
579
376
777
574
904
1
971
308
704
6
706
607
870
372
605
875
874
75
301
200
900
104
109
803
501
78
703
175
73
409
801
309
702
270
171
409
274
871
574
773
978
277
709
677
800
806
476
70
908
976
301
800
873
172
379
207
308
605
78
672
702
104
406
979
904
776
75
200
909
503
809
508
379
677
3
271
200
401
677
403
307
271
471
302
908
101
676
201
477
5
500
107
970
273
870
906
372
577
702
376
174
204
178
709
407
607
807
772
476
200
375
300
571
173
75
471
271
206
372
571
579
105
579
206
807
775
801
905
873
574
5
809
970
879
809
909
171
304
207
770
878
801
770
879
808
175
502
777
875
903
476
970
500
107
776
507
475
573
1
604
275
102
271
8
304
774
673
1
472
72
470
671
579
401
775
975
870
405
73
870
707
273
673
673
278
674
273
404
75
508
474
777
71
674
971
307
777
677
907
875
2
300
173
74
206
74
403
170
504
778
777
670
601
202
74
903
701
870
709
974
608
772
708
378
570
208
673
505
408
473
404
179
609
100
404
578
301
902
503
101
474
101
371
100
876
370
779
976
674
173
606
78
305
408
877
302
973
870
976
79
270
78
809
171
777
775
507
679
275
874
201
4
905
275
879
671
74
603
673
377
9
705
307
75
601
906
909
675
205
173
573
579
274
772
907
902
271
678
376
871
274
778
704
971
601
976
978
709
908
406
772
401
8
100
406
503
303
370
70
309
579
907
406
378
203
408
679
170
979
178
603
107
800
807
979
76
6
9
876
572
678
576
904
275
170
177
305
700
602
602
1
179
302
472
1
304
573
74
707
975
774
108
772
600
679
505
208
907
78
100
977
500
800
378
104
303
371
502
500
70
875
970
70
570
803
106
305
871
79
406
608
707
273
304
500
406
976
800
578
576
309
200
679
578
70
807
675
579
709
472
703
379
701
100
302
809
308
872
679
475
372
771
502
673
801
303
679
507
679
801
806
173
779
109
177
272
477
874
378
208
176
905
375
878
604
707
502
177
578
872
804
900
707
804
401
78
372
778
178
904
478
1
674
403
275
608
509
202
279
3
570
7
573
578
105
108
305
308
202
702
8
100
278
778
72
79
672
76
803
900
2
908
470
977
177
202
174
876
978
4
204
902
671
71
775
205
906
206
208
809
873
879
871
100
277
607
308
479
7
775
579
609
370
404
200
73
807
672
202
406
306
209
103
905
2
972
