361
49
484
441
16
256
225
64
25
144
324
324
121
36
841
225
49
225
16
64
841
784
324
441
64
25
25
961
64
361
144
841
289
961
144
841
225
225
25
144
49
225
324
841
529
784
625
529
16
49
225
121
196
784
625
484
289
225
225
81
196
961
25
196
169
144
16
841
121
784
121
529
25
361
529
529
441
144
289
729
64
25
256
484
64
121
225
625
81
64
169
529
441
529
81
784
324
36
441
729
961
841
529
841
225
625
729
784
225
441
729
225
529
256
961
484
196
361
729
841
324
25
361
961
841
225
484
441
49
225
484
144
121
961
361
16
484
49
196
841
36
529
441
121
529
64
841
441
144
256
16
961
961
16
441
169
144
841
196
169
961
289
529
289
256
361
289
225
324
841
529
196
484
441
196
144
121
36
81
529
289
361
144
256
841
196
625
289
256
49
81
961
289
225
196
64
64
196
961
144
529
196
256
121
289
484
729
196
441
225
841
196
81
484
529
169
256
121
625
625
625
64
324
441
484
225
169
484
256
529
625
144
361
441
324
324
625
36
729
