988
996
504
839
113
458
14
381
333
120
94
506
870
123
275
280
415
227
37
426
788
361
398
525
866
770
775
129
515
48
265
107
859
278
199
713
49
837
833
678
834
623
97
229
571
42
435
94
434
966
739
243
373
805
958
811
311
24
802
470
310
365
623
391
902
611
447
425
46
409
591
385
902
89
901
661
557
886
317
231
755
277
683
728
154
194
157
811
835
623
322
13
230
331
558
575
554
701
198
666
478
44
328
309
632
874
816
761
987
8
938
756
66
273
686
547
344
976
871
997
780
183
782
497
380
588
264
139
608
313
15
484
400
137
11
199
538
209
193
237
4
28
274
210
687
469
550
521
90
798
352
978
258
793
386
84
280
891
688
879
694
71
535
482
748
234
513
781
195
956
687
451
910
403
428
357
872
359
543
960
799
294
80
577
76
882
441
38
250
414
528
46
862
865
33
108
939
340
846
831
399
1
433
496
227
536
306
884
762
631
175
896
50
408
94
786
373
893
902
858
24
364
194
495
330
741
133
343
205
260
323
675
32
677
635
651
752
678
74
464
132
595
514
323
182
758
176
452
253
921
789
151
18
873
770
478
199
923
560
20
259
810
785
350
451
368
33
124
972
549
607
418
463
255
66
79
965
67
130
999
297
891
138
858
353
399
244
619
172
271
509
633
313
811
404
292
878
476
263
114
453
425
504
130
936
519
537
33
75
103
905
211
817
707
864
241
986
160
891
699
907
829
16
267
737
605
815
563
945
644
794
262
944
854
641
257
587
260
371
648
823
222
302
237
226
21
616
948
783
971
888
151
3
694
866
485
944
200
702
770
916
62
91
555
765
899
760
995
566
861
71
908
72
183
522
399
549
418
434
385
821
288
12
922
249
785
555
89
576
460
273
815
385
605
412
568
710
517
256
450
318
632
977
423
892
213
435
65
847
806
515
617
269
685
225
392
271
809
161
809
845
129
712
31
373
130
677
973
572
661
54
253
837
931
137
390
381
11
129
676
347
773
903
925
223
64
884
667
607
488
921
603
920
801
166
494
873
674
806
396
706
7
141
858
638
988
348
417
911
181
9
123
383
710
28
334
272
33
486
454
462
527
520
752
936
894
565
589
150
711
589
78
637
762
676
105
56
810
683
74
250
138
252
271
931
797
795
451
178
957
656
83
447
589
313
226
768
535
651
476
771
902
109
339
601
117
378
392
512
781
831
214
435
319
68
99
210
251
176
761
905
788
955
528
138
25
781
694
34
52
402
110
260
348
296
748
312
85
983
796
385
295
489
200
975
548
374
789
197
959
372
405
709
890
455
436
907
877
266
406
697
661
224
603
489
47
573
577
633
339
718
144
146
550
243
231
853
682
893
687
518
682
964
562
703
37
346
412
356
523
694
464
743
150
189
884
14
945
713
286
373
471
492
204
765
907
187
302
621
421
540
866
334
395
210
671
600
504
655
986
453
468
569
449
644
830
400
156
212
19
393
717
587
148
146
324
434
187
828
674
885
73
535
357
356
592
300
612
250
71
183
602
324
585
349
916
855
557
281
419
941
316
516
672
343
786
598
503
45
93
472
821
627
955
475
721
265
100
789
369
73
416
519
243
701
950
637
454
578
313
328
56
13
186
618
633
195
963
121
713
417
278
675
36
491
448
952
619
131
192
601
391
52
969
1
241
267
13
478
236
495
230
531
321
881
748
253
834
597
985
368
310
666
295
126
271
764
804
452
184
403
998
833
478
841
797
687
337
590
870
700
319
678
199
914
445
184
939
418
762
989
925
796
477
396
335
225
517
86
868
623
478
551
49
673
268
272
975
965
657
156
535
182
340
913
279
414
668
671
746
617
820
739
460
636
573
620
630
731
557
281
771
639
99
413
46
123
797
704
327
619
664
110
748
265
214
460
248
904
71
649
773
547
225
331
597
406
927
475
29
734
743
327
14
120
438
146
206
226
171
83
953
761
957
772
760
152
866
890
750
655
234
388
756
209
970
722
540
618
119
227
466
319
524
643
602
581
203
849
824
17
445
785
357
155
600
160
32
312
856
167
905
593
857
637
995
329
595
56
573
635
272
793
214
674
16
382
964
846
446
867
113
559
591
925
279
38
890
985
123
891
427
271
24
955
897
157
131
423
543
931
553
858
424
182
439
457
551
829
444
526
64
400
28
419
72
505
830
806
433
754
593
527
769
890
841
545
418
594
465
305
974
549
609
13
784
599
788
940
53
555
459
588
753
916
181
813
236
80
375
698
488
740
992
835
456
324
65
752
450
428
590
405
781
204
668
416
417
163
6
490
386
797
706
86
725
786
582
675
358
442
453
228
610
932
441
249
161
902
654
242
89
230
318
64
117
145
331
449
59
813
864
584
358
288
170
948
247
847
646
712
439
803
603
327
44
235
356
584
221
879
971
616
894
263
97
153
822
25
620
80
918
343
559
134
747
450
203
677
210
405
413
181
871
331
255
462
872
903
787
350
209
476
599
88
115
267
469
985
520
481
830
168
292
924
868
796
422
436
471
308
486
626
258
845
230
281
328
288
738
363
831
257
379
429
29
898
75
35
663
521
236
158
853
457
420
65
871
656
956
377
801
25
75
282
897
224
969
961
940
849
64
676
12
133
228
585
840
270
959
171
579
519
154
893
105
134
400
391
990
948
649
194
701
626
179
464
809
583
924
416
213
120
197
534
509
722
152
112
387
374
892
407
58
818
20
858
311
336
284
650
998
555
436
85
160
147
311
481
44
361
830
950
561
518
914
691
391
584
363
28
151
543
232
420
769
968
747
548
611
514
72
908
780
479
444
474
618
54
208
245
345
978
854
104
231
881
830
586
585
99
709
970
244
224
752
736
635
304
504
723
111
38
858
928
751
285
699
239
802
74
483
404
340
679
778
175
120
520
90
486
737
783
455
998
362
455
679
151
785
597
480
854
148
40
795
550
695
144
456
173
559
345
20
166
336
261
209
703
6
707
906
279
751
546
392
628
89
718
267
309
3
848
841
32
848
941
1
449
629
108
182
982
512
965
690
450
615
472
765
60
893
997
154
974
166
871
293
874
614
859
430
246
509
289
690
833
860
874
285
93
502
645
153
977
689
554
778
961
746
164
652
249
445
883
70
981
615
928
674
752
741
611
678
891
951
229
88
180
325
912
473
779
699
518
621
864
108
184
259
144
411
607
775
970
841
354
114
658
130
321
931
297
407
849
312
657
207
884
357
334
322
503
292
192
582
67
715
46
42
500
467
111
994
613
71
97
592
640
39
430
875
553
159
225
19
98
373
52
226
899
578
507
811
629
192
717
878
688
219
148
632
130
438
803
957
226
627
213
22
973
22
916
356
820
359
876
723
658
757
422
629
134
279
90
221
699
579
272
903
518
405
96
612
5
895
365
129
217
46
557
260
611
407
849
286
750
689
482
821
731
685
147
811
252
225
634
591
778
731
574
70
531
6
542
999
260
54
723
281
265
17
839
389
994
942
384
811
728
544
770
292
662
800
683
392
538
733
650
135
651
304
246
40
652
936
161
831
172
384
318
312
908
98
355
773
241
789
96
239
998
119
738
27
613
790
57
486
936
270
346
133
445
498
315
892
297
80
733
168
734
186
756
300
189
371
111
614
170
321
287
670
472
174
259
985
426
378
620
525
555
777
130
347
952
276
583
163
12
712
39
293
706
559
624
25
980
144
111
286
116
49
739
577
687
735
746
995
845
75
778
552
108
516
857
365
898
188
69
899
677
74
480
389
309
221
620
710
744
225
53
921
70
277
608
133
934
812
987
619
505
762
222
973
201
834
491
908
888
422
930
727
772
923
963
238
759
719
380
358
326
246
305
46
342
620
773
507
324
473
235
605
710
434
357
883
968
491
799
416
272
598
726
300
122
50
803
694
738
498
761
734
642
905
849
640
232
294
763
271
841
696
592
910
440
103
570
681
922
682
656
228
240
529
894
111
927
628
259
578
994
139
715
139
205
767
735
464
752
338
636
319
732
622
784
863
163
85
678
464
731
625
803
733
202
190
609
951
193
595
603
462
258
664
721
529
738
534
7
721
685
0
216
694
971
575
534
106
517
678
520
597
718
817
333
538
84
721
579
791
312
966
112
926
314
413
895
285
238
647
495
98
34
24
404
67
712
276
106
337
107
223
434
890
866
282
481
967
984
890
862
282
872
525
401
558
59
222
109
639
966
824
212
262
771
340
344
904
528
678
22
103
254
967
123
936
667
847
461
902
672
38
890
205
912
276
721
644
450
855
91
276
917
631
966
313
556
911
820
353
515
426
153
333
560
535
376
82
412
949
674
839
514
259
880
689
22
12
99
86
782
537
384
16
47
108
556
188
296
382
938
148
4
470
798
582
360
899
898
966
693
243
206
189
350
539
850
830
229
140
419
255
685
564
906
708
254
348
844
654
907
503
533
212
760
598
551
963
397
494
665
473
340
419
396
450
672
207
611
61
343
593
657
754
915
292
827
395
265
507
755
17
795
793
130
438
949
767
392
967
594
597
334
753
829
722
491
19
478
493
869
38
825
246
112
390
644
907
163
527
556
87
605
103
708
526
93
563
880
164
472
588
49
658
764
991
37
901
720
3
132
28
115
511
982
416
765
71
250
955
137
947
125
704
822
451
564
191
763
147
407
996
65
37
419
829
479
694
587
496
320
911
303
630
572
240
808
282
569
769
59
387
54
251
63
896
91
13
865
157
750
749
450
453
708
955
253
739
712
340
952
650
924
693
225
490
556
242
514
680
12
763
119
218
111
102
925
699
35
500
837
336
558
71
389
183
685
133
121
867
61
793
928
423
336
287
945
358
346
320
690
417
858
576
892
209
714
443
873
331
465
425
574
915
492
59
196
606
807
263
992
754
274
589
276
902
844
826
205
463
660
672
947
780
525
499
299
633
212
386
969
100
486
7
313
770
6
290
634
651
98
604
438
659
822
241
46
211
358
556
900
568
70
938
385
372
406
91
628
19
520
487
576
391
502
20
839
192
93
784
465
453
979
208
257
53
346
50
386
625
907
659
985
458
592
484
295
217
337
662
100
648
259
855
468
583
3
511
689
935
937
941
355
275
318
124
527
18
289
162
41
430
640
220
588
618
343
231
132
588
272
798
149
173
685
292
381
416
216
958
487
273
638
276
11
377
869
253
719
57
168
478
468
983
328
502
513
116
165
820
370
296
582
366
872
552
366
351
627
133
890
624
343
551
392
793
260
275
804
580
591
207
306
970
328
781
556
953
70
876
150
93
474
609
561
853
724
93
923
154
100
461
505
875
383
595
437
107
201
562
958
405
637
931
510
570
180
175
293
646
483
104
734
217
133
661
607
28
98
108
761
925
205
312
797
801
423
716
435
369
466
840
595
645
754
225
402
32
27
428
177
537
958
447
307
245
528
162
704
42
164
893
844
943
863
898
782
836
325
889
565
3
585
948
137
214
766
478
579
775
239
241
976
815
119
530
731
315
877
709
130
440
262
75
138
225
329
659
148
141
81
165
757
870
998
497
960
837
948
430
471
525
388
196
587
163
4
338
533
94
233
321
760
681
333
154
317
876
705
797
938
719
327
314
811
778
678
159
874
662
333
939
394
292
294
928
158
535
726
14
990
254
823
273
679
731
122
683
929
129
702
120
638
109
122
76
941
701
369
366
450
197
503
982
313
961
449
500
25
770
450
196
985
299
702
610
578
856
419
555
956
539
890
633
169
101
384
303
524
444
144
124
299
551
928
930
697
323
29
84
889
310
166
911
236
71
789
892
446
458
508
839
989
975
955
915
712
265
509
988
753
823
879
903
586
330
565
786
408
62
267
960
179
26
440
352
757
403
423
979
160
883
943
345
999
485
686
867
964
876
346
642
94
939
409
688
281
985
507
309
989
975
326
615
366
202
914
504
660
707
184
27
717
114
247
581
496
655
383
782
654
201
125
821
747
116
809
578
281
409
770
856
468
549
438
340
277
178
536
532
342
761
14
577
772
148
622
53
552
598
642
373
399
79
460
328
683
838
304
517
763
128
4
901
163
979
852
728
310
16
609
672
65
633
135
15
548
850
295
163
570
555
310
884
90
700
960
141
68
562
56
452
209
569
759
911
781
100
669
716
841
349
45
179
275
949
598
985
163
916
121
784
559
383
215
547
33
209
976
541
850
526
109
691
867
573
1
121
968
937
394
981
72
69
803
664
712
78
503
461
106
839
540
704
349
599
436
681
206
616
430
616
299
422
531
913
736
368
576
619
851
772
499
134
984
476
934
886
310
462
652
43
513
747
529
800
238
776
22
3
193
492
629
185
750
30
825
679
432
825
352
505
650
482
351
22
319
311
457
928
251
368
962
885
319
518
459
461
545
867
921
498
131
335
130
140
765
37
388
827
634
195
115
593
482
533
111
630
910
476
91
910
593
753
201
24
917
578
18
500
379
32
756
931
479
769
182
292
200
237
746
960
994
640
567
878
405
396
86
737
526
983
537
917
698
562
474
60
126
270
978
584
310
378
619
227
692
317
946
606
717
436
25
664
382
361
735
286
211
737
541
33
650
898
154
667
864
529
317
846
10
509
242
615
551
623
433
645
766
643
872
821
471
400
105
96
98
757
2
768
909
760
647
798
770
791
922
136
60
913
916
299
835
406
292
99
323
404
244
330
301
691
329
739
583
631
68
127
893
489
744
447
374
485
41
338
209
704
648
58
796
176
498
752
807
292
751
346
749
21
451
861
327
3
681
960
875
485
454
529
937
210
69
388
507
597
702
83
576
59
887
645
981
79
965
20
968
124
35
567
621
197
424
521
188
895
331
538
238
167
593
552
1
378
964
924
167
151
75
856
658
753
378
365
340
297
176
743
844
647
719
30
526
956
33
461
345
287
528
992
477
991
371
540
765
331
68
424
316
623
317
764
523
612
255
85
629
848
498
173
203
853
790
190
682
391
764
721
842
665
11
150
380
186
340
455
517
700
979
623
282
263
573
83
303
285
842
288
678
372
80
631
441
869
669
97
9
197
288
573
705
583
824
657
787
292
980
865
954
6
242
642
200
469
238
523
989
108
428
745
195
963
375
792
599
226
764
166
676
889
264
370
334
764
895
382
917
181
449
259
174
495
857
710
304
496
353
891
244
337
782
931
572
216
564
492
631
811
148
617
612
616
135
436
76
980
458
594
143
7
125
845
713
265
144
358
924
388
92
844
218
216
638
496
68
520
944
457
478
794
872
956
692
227
645
893
289
299
729
452
897
726
378
358
409
181
37
575
692
663
581
964
510
908
876
455
108
162
559
935
993
535
962
476
788
146
64
985
706
922
554
649
96
217
100
53
233
25
920
513
165
432
613
838
756
374
944
218
40
217
523
226
242
770
572
945
933
705
819
229
815
288
995
157
876
443
78
667
279
982
14
170
256
958
603
12
850
354
953
378
103
591
112
558
638
400
348
556
928
786
871
233
439
3
578
328
909
911
414
344
923
833
251
404
127
686
769
864
177
237
153
368
296
59
50
826
815
298
55
414
84
585
484
603
630
292
903
801
91
587
673
387
757
68
411
582
308
576
41
125
22
64
41
767
770
382
58
412
683
768
284
232
380
228
195
5
182
615
664
18
154
623
197
629
27
185
622
425
787
935
563
783
602
742
690
88
827
975
40
874
798
73
413
977
584
905
380
434
114
337
231
791
519
109
33
397
666
544
962
129
956
90
215
370
456
684
793
114
34
425
337
41
228
121
4
225
233
938
956
781
807
716
65
323
116
495
223
281
358
307
630
58
654
686
345
97
100
713
79
385
10
590
508
958
287
921
726
408
351
984
553
218
180
68
516
935
150
37
103
148
625
220
114
578
333
414
44
971
446
368
650
148
852
427
652
411
997
326
654
400
305
381
188
208
261
275
236
81
886
543
949
630
156
396
459
654
38
185
978
838
905
454
203
115
928
666
588
340
444
798
98
408
587
823
362
702
148
846
363
899
319
449
454
228
189
357
47
588
854
127
664
210
550
273
937
755
921
457
290
99
758
777
384
830
892
378
827
268
676
204
55
390
432
945
393
309
290
521
670
362
530
686
477
339
28
990
569
64
760
130
96
732
739
633
965
253
119
908
131
757
421
747
169
22
675
55
553
745
939
496
535
806
136
335
277
381
7
555
207
353
745
191
191
388
578
359
158
290
776
516
965
766
854
894
569
854
109
520
683
830
242
330
428
863
238
566
77
369
392
657
599
315
987
368
409
706
834
672
566
692
15
897
468
119
469
213
887
319
201
310
529
175
56
670
606
858
335
294
682
843
191
10
889
348
553
998
498
10
130
934
739
983
459
337
975
509
341
441
836
626
178
42
691
229
451
211
760
126
153
130
403
392
781
553
98
742
990
52
282
842
440
467
697
706
489
162
543
123
849
483
846
229
608
159
475
452
21
579
995
982
96
520
258
965
673
479
473
543
774
518
387
865
381
373
829
387
874
503
968
564
204
63
232
446
203
852
655
718
804
4
676
283
793
998
43
313
73
325
122
579
253
76
922
744
814
876
888
486
666
83
975
496
980
515
312
930
187
970
941
145
315
529
209
302
722
891
921
560
29
145
81
34
467
734
909
184
345
283
84
113
269
456
727
332
489
156
367
933
59
489
311
989
347
764
380
875
393
515
783
661
689
348
784
571
542
635
733
738
537
157
83
324
530
614
726
272
111
460
779
812
493
478
762
722
174
689
285
656
842
533
5
501
926
523
643
862
509
385
7
422
389
431
599
472
472
242
39
58
568
524
337
102
605
298
624
479
314
136
839
341
214
712
489
878
483
775
506
872
644
36
670
700
230
536
330
110
214
129
247
997
919
155
840
351
849
375
438
691
705
599
971
976
290
488
19
207
468
857
235
609
266
414
259
471
441
808
78
997
69
478
609
683
953
449
255
809
576
83
587
560
839
898
604
552
379
652
901
233
407
684
253
275
691
734
208
708
572
284
533
675
780
234
515
486
421
636
956
125
327
651
438
765
840
146
311
995
964
766
599
275
470
155
486
195
653
779
729
210
651
568
506
95
961
17
721
475
841
43
620
627
62
990
760
423
799
585
345
593
698
187
835
903
376
527
948
430
458
994
93
427
759
185
535
599
844
424
176
944
294
20
177
981
740
436
928
148
299
365
659
845
162
468
766
19
182
285
529
564
841
651
112
278
984
717
323
300
687
883
436
273
860
274
278
225
409
331
385
417
608
825
885
136
964
131
571
927
23
955
826
103
397
274
167
491
711
975
583
660
340
876
330
933
34
90
997
625
658
41
658
310
11
204
703
727
314
957
187
119
729
86
599
855
784
805
261
766
355
94
434
496
225
231
467
128
598
376
73
167
173
564
51
354
842
314
896
819
498
954
181
139
402
569
875
259
953
904
937
352
580
85
936
132
441
349
423
606
244
229
454
191
88
521
94
47
793
882
469
831
95
703
131
436
560
470
239
953
512
206
157
998
649
555
463
266
763
280
549
429
944
729
194
413
264
932
903
247
225
136
340
519
207
287
690
735
529
579
970
905
38
934
866
147
237
879
256
338
47
883
38
926
458
612
568
211
155
453
66
817
191
872
961
603
760
349
115
258
718
304
177
0
351
267
89
458
522
900
302
298
399
161
948
644
202
364
299
899
728
180
825
791
868
31
984
919
402
605
198
227
234
751
623
155
885
582
484
383
923
511
469
18
707
350
196
877
855
272
513
561
346
550
487
525
728
479
685
78
909
117
566
147
278
98
547
290
894
837
520
947
766
640
455
24
423
233
531
98
361
333
911
364
188
679
221
872
360
305
306
501
670
947
695
211
929
729
387
778
841
733
800
360
698
915
565
139
833
412
905
990
553
838
324
795
643
18
53
688
148
837
683
17
812
460
416
526
429
25
712
528
361
442
139
604
589
663
626
201
274
777
101
757
353
320
147
30
626
470
479
156
175
851
679
653
263
533
665
438
657
779
33
907
491
961
459
846
826
376
191
752
372
842
850
306
704
314
145
892
105
815
888
660
448
669
573
585
737
451
666
219
897
259
252
481
775
272
9
146
342
841
776
201
968
208
810
58
786
473
894
705
340
470
690
135
177
468
207
4
365
874
786
561
382
86
263
35
309
580
314
396
657
842
939
604
755
964
208
345
523
563
85
103
53
623
83
551
937
971
487
557
164
797
3
769
653
987
537
363
743
368
597
980
415
888
973
104
776
319
421
862
768
453
902
985
3
59
795
173
682
932
813
86
988
15
335
385
718
949
99
373
588
171
185
733
707
76
580
953
531
266
444
996
880
402
329
728
7
930
799
916
521
267
278
410
704
712
165
957
6
159
774
913
277
740
975
789
163
342
880
749
251
971
147
696
281
225
471
772
901
489
351
84
579
544
296
868
712
990
606
330
290
124
28
30
455
564
570
411
706
659
35
672
936
725
180
326
234
524
598
199
504
612
591
808
497
199
618
327
820
650
388
567
415
205
178
123
163
775
339
258
451
930
876
881
376
568
99
803
967
806
851
827
685
458
686
415
964
232
268
661
47
988
926
79
609
687
752
413
793
30
851
892
952
193
629
158
35
537
354
233
697
238
465
797
405
577
667
484
441
838
804
986
61
741
235
883
287
11
152
803
714
816
788
992
170
424
685
28
54
880
718
875
268
656
323
924
690
101
35
73
405
156
724
159
173
319
66
159
928
330
378
71
944
764
814
550
279
246
639
456
617
675
259
228
939
303
66
866
33
397
709
825
843
161
53
364
412
590
164
322
850
438
341
746
997
305
746
299
789
614
722
879
589
432
249
203
437
58
884
294
435
669
269
61
84
350
724
970
541
52
390
912
70
591
715
999
920
146
126
141
47
867
631
863
318
319
982
111
320
1
311
663
283
390
558
94
486
498
107
378
159
176
328
294
340
890
683
514
681
29
209
352
428
739
697
228
697
24
3
607
965
899
227
783
811
517
18
507
457
708
742
259
548
168
437
22
855
606
198
53
940
269
506
230
376
161
843
386
968
687
90
972
623
72
426
374
179
77
690
315
976
28
832
497
590
356
901
638
931
669
463
591
821
171
860
407
446
964
139
464
411
907
177
569
620
364
953
123
915
767
239
159
99
49
43
609
905
510
624
865
705
303
26
11
167
710
248
732
546
450
977
214
88
91
6
694
605
403
110
611
145
502
165
220
301
37
542
613
984
979
810
975
564
629
225
308
793
901
686
368
125
122
996
931
522
938
732
91
999
607
806
696
372
334
272
488
178
725
840
682
534
508
837
413
562
39
425
465
865
612
860
313
957
832
746
252
464
399
34
828
17
719
98
367
376
236
744
288
195
797
583
394
700
390
750
742
195
246
916
512
232
35
757
201
922
680
201
792
607
935
178
870
88
440
666
484
56
151
778
502
149
352
489
701
610
469
674
186
241
588
344
605
171
144
489
121
384
856
983
7
348
884
438
829
316
615
217
657
846
433
266
233
558
545
888
436
452
601
995
665
147
284
103
590
667
888
742
138
520
681
489
685
154
910
66
349
637
249
149
341
999
60
950
382
74
527
986
237
288
448
704
830
582
953
76
807
175
47
766
472
193
154
339
468
670
404
322
489
4
20
838
245
51
151
913
232
716
518
553
962
973
419
758
511
120
171
85
250
812
218
932
7
277
845
887
412
14
425
767
453
850
953
883
759
681
559
795
997
971
945
67
521
961
337
371
592
495
91
459
351
333
878
930
178
172
396
50
361
4
435
319
265
594
827
439
16
192
410
652
227
452
280
165
2
20
180
808
851
219
323
305
632
343
636
55
21
293
823
43
739
210
581
267
416
783
681
901
461
998
57
223
501
937
604
314
845
359
653
344
411
94
877
370
404
783
472
757
873
953
100
673
235
491
269
85
788
22
734
14
864
15
856
89
34
932
476
632
768
879
800
252
9
42
530
499
814
484
616
298
47
66
205
376
837
888
653
773
545
844
699
362
690
48
312
310
280
823
833
49
667
683
918
980
458
547
533
342
234
874
834
975
612
466
644
283
920
728
378
161
373
344
514
818
666
392
630
190
227
592
5
118
813
99
355
326
623
551
551
241
749
596
511
768
868
281
638
265
147
150
3
101
281
495
885
738
488
300
946
497
669
280
191
99
34
527
346
262
891
638
0
382
854
859
317
868
592
438
859
61
353
604
237
571
938
122
684
249
722
737
630
481
969
311
76
896
885
987
239
489
811
475
98
40
356
302
579
685
806
756
222
259
257
653
196
613
383
668
100
6
540
774
186
436
255
6
184
34
707
715
567
209
24
139
362
388
841
36
150
645
686
661
331
188
602
712
970
174
758
646
211
742
278
577
909
611
896
842
206
620
160
785
475
696
610
273
425
886
694
345
925
873
420
908
241
963
80
837
869
963
381
68
986
66
15
539
836
376
609
489
577
550
547
529
640
211
635
673
857
293
952
409
53
46
840
100
771
646
229
866
645
540
450
709
154
654
309
429
174
185
252
160
931
95
14
628
314
824
277
18
222
447
655
882
285
712
710
687
824
926
166
880
194
766
935
441
688
381
502
116
377
242
896
501
504
582
604
568
318
514
554
462
943
955
303
640
360
398
507
800
131
824
211
317
853
395
623
697
887
408
293
159
427
737
602
428
769
661
173
890
382
941
802
419
993
595
683
538
23
590
669
802
173
399
134
658
313
368
45
790
495
384
952
185
667
776
457
724
15
226
649
131
680
121
409
137
714
163
596
965
640
815
495
63
927
360
362
412
377
51
575
239
330
406
529
127
116
189
453
699
363
608
849
992
649
912
276
656
960
652
180
351
636
965
637
626
446
381
574
248
985
10
840
952
611
545
518
485
64
614
270
796
582
887
208
841
441
370
607
249
964
820
752
633
732
319
745
560
456
100
287
969
179
159
347
242
767
254
411
925
177
868
156
710
212
972
995
874
738
9
901
440
662
994
263
576
199
496
363
293
966
287
462
772
664
370
448
274
689
353
179
182
331
399
35
538
65
216
376
981
452
629
301
276
387
629
770
963
21
300
504
398
728
510
63
304
165
382
611
229
498
59
652
622
513
420
252
811
955
880
564
616
859
264
908
427
187
855
265
649
898
636
912
603
917
400
692
560
424
658
963
175
116
472
73
990
507
42
439
279
99
498
293
843
548
217
522
960
878
35
134
692
445
560
814
584
138
392
727
284
141
801
144
835
823
189
284
165
576
372
821
303
103
945
282
787
733
53
575
166
802
389
591
916
463
307
97
105
67
233
415
107
257
462
178
181
583
933
804
179
772
843
986
680
126
141
385
923
701
300
667
251
344
666
899
331
328
655
870
388
941
862
280
509
96
790
920
365
711
392
723
995
958
47
783
942
314
874
30
919
213
320
437
242
812
935
442
599
785
931
160
938
224
491
233
812
112
929
485
852
400
230
479
164
691
648
579
514
478
221
272
487
164
7
700
539
364
946
602
651
604
206
916
389
580
793
790
851
682
663
669
60
673
747
979
12
350
135
708
732
311
777
158
688
834
874
781
325
546
84
864
219
271
869
288
47
414
893
369
637
9
127
107
256
97
113
762
457
640
127
872
243
78
63
16
92
871
34
269
415
359
62
32
421
744
213
368
502
455
406
747
202
899
82
639
151
617
563
61
60
646
118
755
742
228
47
979
919
652
518
708
487
629
800
235
656
267
498
92
154
803
417
954
383
969
149
315
583
92
148
673
961
451
66
87
618
967
391
826
351
961
494
468
868
206
730
988
517
520
531
988
264
830
315
136
983
334
518
266
898
677
47
273
243
908
57
692
739
9
928
782
458
827
865
21
444
620
30
476
16
980
322
347
236
580
513
441
182
84
143
714
87
29
546
651
598
518
568
532
510
877
303
891
451
284
291
726
328
169
348
902
240
513
95
962
826
173
109
57
267
438
627
42
343
971
991
686
755
402
611
98
93
445
353
965
157
964
526
253
118
347
83
21
934
84
827
932
377
14
726
368
791
967
959
418
530
415
786
420
840
473
43
532
848
474
439
792
681
277
206
882
220
605
518
144
138
812
668
37
278
207
43
39
615
0
727
827
503
276
953
948
280
154
152
421
410
80
553
688
748
575
278
105
251
550
9
359
465
592
518
565
43
98
521
561
933
930
379
278
566
141
829
551
606
409
841
201
18
63
275
191
196
736
307
656
547
592
194
2
472
621
48
947
791
606
640
904
11
169
602
142
519
724
508
53
176
902
848
645
839
363
525
213
712
323
976
649
568
311
124
547
721
558
642
62
892
70
575
495
608
487
738
974
897
154
550
6
162
961
753
868
925
515
451
214
255
548
723
265
819
828
915
365
990
487
273
820
720
342
916
505
720
702
276
1
125
272
397
164
703
936
39
690
444
890
587
998
362
239
620
436
360
708
438
177
308
191
214
985
119
353
922
951
424
289
258
285
681
740
417
946
2
648
401
128
661
326
700
91
972
757
391
956
645
247
58
356
446
380
835
529
767
795
770
993
714
833
566
346
198
204
578
290
985
618
705
483
518
150
499
586
376
762
589
640
717
891
91
3
1
353
491
813
63
51
3
606
984
634
178
512
409
833
51
733
798
632
764
908
474
289
214
151
386
301
557
603
692
179
163
902
918
786
187
848
940
615
503
256
148
370
618
873
460
350
274
315
375
703
638
578
389
854
576
567
448
328
210
92
90
858
0
690
901
316
669
368
872
206
631
928
771
147
704
745
909
610
805
361
328
113
799
893
212
507
695
106
960
491
238
939
544
785
686
752
599
541
680
614
146
645
928
559
21
895
709
828
951
398
60
29
2
295
116
985
534
125
109
964
839
266
430
271
797
709
32
242
239
450
844
884
134
991
757
365
273
585
613
725
178
635
463
539
375
404
347
130
78
948
851
250
176
848
627
791
564
986
831
878
272
572
800
66
438
946
866
960
289
632
789
568
654
280
38
82
286
433
613
566
417
959
219
780
733
501
391
691
552
281
2
738
33
263
401
544
937
99
89
493
686
43
897
675
679
217
516
595
253
505
744
955
154
424
132
587
5
971
287
615
567
366
211
689
973
392
480
109
799
225
379
459
115
326
543
257
117
854
7
763
360
10
175
925
713
788
774
339
981
523
363
695
837
276
846
590
324
35
369
190
623
938
587
916
718
905
269
191
71
151
841
504
899
827
842
832
701
300
985
865
30
163
658
610
35
530
50
584
176
688
837
824
50
679
655
813
302
958
672
335
989
616
195
900
309
869
186
968
528
500
476
977
483
796
736
383
44
181
21
925
880
759
255
90
865
529
248
758
265
687
423
995
110
545
745
603
619
979
205
87
442
190
655
996
848
977
608
51
129
339
817
267
842
42
583
745
184
640
207
825
406
168
527
181
138
355
543
510
412
21
763
359
451
304
440
709
982
188
828
579
929
586
609
866
326
620
782
339
155
65
587
196
491
665
391
44
990
484
270
579
524
407
664
127
153
441
429
982
421
531
163
236
581
102
748
219
902
557
561
17
965
855
74
805
643
894
727
782
671
458
653
891
591
259
897
582
825
569
246
188
770
811
458
354
919
526
95
149
872
989
919
589
938
196
840
725
467
10
475
539
713
455
348
389
407
662
827
869
739
503
908
298
941
943
634
113
761
931
998
487
5
700
662
792
835
472
565
877
120
154
339
455
166
852
233
151
788
868
443
707
86
348
333
184
264
827
299
202
138
636
550
241
735
381
340
899
179
302
165
546
262
564
144
697
83
343
174
93
121
95
261
596
61
710
556
274
118
587
959
813
699
204
311
683
465
208
19
36
713
331
494
81
85
534
151
958
322
376
728
892
277
958
76
301
685
767
602
548
833
308
738
14
326
84
775
980
479
403
170
33
724
19
72
588
614
62
529
298
572
971
545
414
273
952
335
192
432
99
995
983
906
751
6
487
376
148
483
464
283
571
619
576
740
250
244
284
208
547
166
642
387
142
289
921
844
305
643
676
517
906
241
426
63
633
10
976
263
812
292
384
748
524
638
66
576
519
702
26
442
399
905
272
978
725
998
756
61
565
665
478
937
456
2
590
508
130
543
620
646
719
97
798
174
896
651
543
544
177
124
486
452
151
286
137
535
113
812
674
868
19
161
63
372
212
464
89
632
220
601
589
91
478
482
136
219
883
886
636
499
227
930
505
544
783
958
148
140
266
442
337
284
779
69
283
763
314
361
846
95
681
997
706
881
447
614
461
568
626
695
474
865
752
315
681
322
159
861
377
762
754
242
362
228
313
232
516
207
954
139
543
116
399
646
438
230
917
725
48
9
401
892
321
350
701
965
857
238
190
806
161
260
449
503
315
515
826
278
519
502
6
984
65
72
156
696
596
408
825
120
979
286
475
243
273
431
938
451
914
29
939
723
687
489
523
881
170
294
88
378
246
842
51
124
456
628
24
616
329
962
748
679
144
418
175
256
667
551
806
478
186
264
279
137
950
119
674
241
621
944
101
77
800
579
398
524
718
666
338
536
741
913
775
554
539
685
77
870
379
60
498
623
301
268
133
320
305
163
9
436
843
404
479
979
613
100
770
806
841
13
33
330
531
259
875
84
204
822
859
374
736
337
894
815
775
833
832
456
196
950
410
775
241
185
664
950
720
723
29
770
811
224
451
988
847
359
150
588
364
247
221
419
858
971
104
747
392
262
966
830
726
794
975
462
100
368
19
587
32
677
858
189
710
985
163
556
788
564
199
215
711
264
189
807
268
652
834
668
261
703
761
579
682
480
492
376
760
389
777
574
904
11
748
763
942
1
734
216
161
798
65
261
251
716
971
885
711
151
242
413
308
645
561
626
125
393
795
711
566
704
6
952
296
391
706
339
607
870
490
259
865
243
568
154
463
127
197
896
60
956
93
814
372
329
496
44
626
518
735
653
605
875
625
749
827
874
75
530
469
65
453
421
932
457
443
458
297
301
10
392
552
200
228
243
152
466
59
959
986
565
349
781
685
756
900
551
546
104
966
109
98
946
803
726
17
501
954
78
703
289
957
175
425
98
217
994
256
351
95
789
335
754
130
415
73
409
997
253
801
531
995
447
309
459
43
768
444
254
702
347
270
117
181
987
171
948
409
917
892
343
948
815
163
235
540
211
586
956
266
274
871
519
362
851
130
574
719
983
40
969
416
221
313
827
314
380
447
684
262
968
748
984
638
773
34
55
978
666
746
432
947
710
277
189
645
741
967
709
652
319
677
155
854
800
181
806
99
449
476
452
69
145
420
393
686
990
332
636
288
924
897
583
732
30
70
908
740
732
892
976
595
948
991
301
800
897
427
614
873
216
91
757
158
892
335
920
172
545
711
226
495
379
691
207
489
228
847
259
596
614
786
988
336
183
21
49
493
185
308
660
605
22
81
565
825
390
78
890
672
97
328
190
42
380
526
425
702
492
512
195
961
862
104
406
115
51
829
692
939
597
316
22
314
350
424
360
516
134
499
217
822
979
38
217
199
61
210
454
745
904
89
890
776
830
698
943
964
514
395
786
75
867
200
844
909
569
223
119
503
809
523
508
594
417
416
289
379
298
626
886
143
677
225
351
892
268
3
271
949
712
200
616
346
189
290
635
654
918
557
56
33
218
168
40
92
788
401
542
895
215
895
196
265
677
824
403
520
998
650
459
88
720
212
57
116
285
307
380
463
523
353
967
271
471
517
91
111
938
64
64
302
152
689
908
439
140
244
497
899
182
214
101
762
442
134
558
676
916
731
228
937
148
662
734
926
696
201
220
113
477
489
197
483
853
454
50
5
843
499
348
240
921
423
17
56
212
494
993
500
107
735
970
581
858
782
597
793
273
261
870
27
216
367
595
724
12
906
372
346
80
756
87
364
346
396
282
577
702
661
111
145
433
376
285
174
439
820
193
524
62
236
204
761
178
196
683
19
581
69
543
741
709
341
407
630
938
948
607
521
118
807
772
168
893
487
481
961
590
334
180
116
163
313
516
95
423
837
476
551
340
200
375
825
222
628
690
522
928
144
399
858
982
54
733
131
19
159
896
156
498
411
300
571
699
455
524
173
598
398
421
810
136
146
529
569
431
968
589
83
759
710
122
75
356
27
471
880
125
726
271
139
298
206
792
587
767
528
372
571
235
142
595
286
423
242
579
218
916
942
105
37
579
643
530
451
157
851
416
26
206
62
35
807
639
196
775
113
256
956
866
801
905
759
216
753
873
156
121
574
761
910
5
809
837
850
143
635
860
683
884
970
92
355
381
892
253
879
45
469
282
581
615
809
289
335
39
53
909
811
171
304
415
447
465
697
207
650
183
697
412
770
689
887
984
122
595
741
242
769
228
21
642
878
618
523
789
367
362
492
762
0
939
801
770
829
350
879
564
259
631
808
994
175
415
502
777
484
875
766
534
166
252
903
476
245
736
970
351
921
795
638
500
623
713
188
712
855
107
776
135
759
507
882
620
729
624
798
475
743
848
573
354
756
280
1
284
754
357
604
646
887
193
449
780
292
429
196
257
52
275
187
831
856
342
66
93
102
686
271
8
548
21
132
304
531
928
631
11
526
314
774
598
249
673
491
823
435
226
386
681
1
472
561
910
968
72
470
858
124
671
579
980
497
614
401
151
775
975
548
362
242
853
870
150
827
261
346
338
283
42
427
405
418
863
447
0
73
347
239
520
392
727
870
897
707
273
594
399
397
18
459
431
673
533
185
410
673
155
992
491
278
950
964
819
999
674
93
273
330
146
313
130
34
754
68
789
462
22
856
485
404
537
485
75
508
563
482
474
836
441
147
788
637
60
464
777
429
71
674
62
899
257
971
811
849
618
592
350
786
307
219
717
777
551
631
465
20
867
396
330
689
522
677
585
225
166
52
649
892
284
985
33
734
992
185
490
907
10
837
587
395
653
959
963
46
664
465
142
789
875
412
2
558
962
555
300
796
248
173
74
216
796
953
206
794
821
851
787
74
403
358
885
698
717
944
22
541
828
149
170
495
746
582
504
95
388
762
982
778
951
945
63
913
777
150
715
660
436
152
537
670
550
601
146
202
620
352
430
647
980
791
946
550
113
531
769
347
74
763
428
334
495
542
318
286
627
903
701
445
931
37
646
660
914
681
870
60
226
461
841
792
110
709
196
455
974
397
799
519
346
726
656
57
608
786
772
589
387
220
480
813
708
180
912
465
649
594
378
587
998
947
626
570
936
208
823
949
673
505
125
261
81
742
408
891
669
15
299
342
473
580
252
815
253
534
404
179
968
609
482
439
290
762
100
110
260
66
226
12
322
404
750
848
595
212
328
366
268
624
516
578
644
484
454
301
230
902
503
253
465
352
864
949
194
544
593
524
796
531
953
101
727
440
366
356
610
163
474
456
101
529
371
100
449
291
876
566
427
551
897
370
151
680
720
182
412
382
790
779
858
976
912
981
665
722
669
268
641
645
754
88
888
674
845
173
688
156
989
345
606
994
696
123
930
34
318
766
229
78
45
411
845
183
305
408
588
842
552
877
813
58
163
447
116
584
123
349
389
146
288
302
93
30
949
535
660
185
31
658
486
883
562
614
982
314
973
438
935
462
742
284
184
116
44
870
966
346
266
19
745
322
96
617
66
833
22
976
79
716
339
270
154
78
968
531
91
710
125
809
969
171
436
918
465
584
714
866
444
828
291
646
223
981
439
639
345
82
848
950
777
989
836
12
775
507
935
858
864
932
728
292
639
86
34
752
679
949
818
275
726
456
430
874
138
856
201
668
284
588
561
515
993
412
119
639
197
423
356
4
905
42
557
185
633
412
381
536
275
59
14
569
696
351
127
314
992
485
528
879
516
297
671
74
612
603
133
821
497
259
499
740
589
914
673
761
169
256
680
58
465
938
812
752
221
377
799
9
38
531
230
318
705
264
943
307
557
517
136
825
313
350
75
318
312
511
121
128
743
625
601
67
795
265
765
489
756
417
87
906
909
675
149
205
346
530
173
573
53
579
849
461
274
853
711
689
836
560
61
29
866
625
631
924
683
122
133
447
368
825
153
772
748
898
988
483
22
843
330
907
193
365
612
389
902
271
86
563
625
291
93
999
62
645
678
325
376
165
871
530
313
712
274
269
545
922
778
192
704
966
45
783
337
363
29
322
971
601
132
198
976
978
709
64
847
908
892
626
406
668
254
520
527
567
839
320
317
850
772
553
63
401
8
100
324
851
406
746
294
351
22
426
503
437
652
524
847
414
236
827
963
303
465
547
220
565
448
650
951
340
618
938
750
441
769
235
988
833
938
480
843
383
595
370
589
360
70
923
363
56
419
309
534
681
868
34
315
519
327
579
145
413
907
663
660
680
842
794
406
378
203
359
644
408
679
397
710
431
265
934
187
915
240
938
833
736
240
437
414
950
134
117
360
69
765
86
170
132
857
346
979
310
187
394
178
60
603
107
86
87
847
597
800
807
468
148
435
163
385
147
358
979
76
134
239
119
41
422
6
823
242
821
463
642
864
791
257
257
747
765
30
9
649
876
30
572
794
678
591
899
115
576
904
275
227
688
170
844
690
484
48
177
595
946
305
182
700
602
823
559
269
781
966
280
482
885
602
915
254
245
658
386
563
942
1
179
54
23
723
29
302
472
628
468
227
218
954
294
1
482
415
304
761
114
686
813
573
74
424
707
975
261
184
211
962
774
108
358
847
918
911
187
772
317
566
189
894
823
600
568
114
510
667
679
135
842
505
208
714
829
907
641
78
100
867
656
284
338
747
123
955
153
237
645
549
132
365
923
159
58
977
520
586
21
500
726
723
693
282
216
799
964
855
767
293
963
568
854
530
763
751
800
242
261
245
925
683
351
378
882
104
218
232
435
155
303
898
371
99
142
502
645
333
500
70
20
875
410
753
951
210
545
465
550
435
293
922
970
70
86
592
157
26
570
965
923
26
137
331
527
351
559
646
931
636
803
682
317
159
225
360
292
31
106
586
428
346
991
515
828
636
456
305
388
739
639
452
363
728
658
960
871
469
162
884
280
79
998
406
261
608
707
126
948
844
169
789
494
589
916
949
163
273
397
945
848
304
389
484
264
596
500
815
0
631
783
406
976
520
424
256
285
333
800
578
326
933
576
968
948
66
497
423
309
486
358
866
853
782
26
817
248
148
446
313
885
594
640
317
218
328
200
440
287
321
649
679
991
568
578
614
294
70
712
115
807
780
768
675
445
12
349
579
448
709
33
537
472
703
352
529
280
379
332
316
701
14
759
364
240
836
165
100
246
856
96
822
553
39
897
690
302
625
819
823
530
668
310
596
809
594
308
872
740
679
727
463
475
268
930
565
372
144
531
763
361
853
288
984
386
687
771
347
584
693
720
950
686
929
388
610
780
502
45
429
415
545
881
191
187
446
61
459
673
714
114
755
320
292
663
744
240
801
924
795
303
640
543
848
96
494
679
507
849
679
123
515
27
801
13
915
531
327
806
467
652
150
750
173
164
779
109
467
411
624
737
177
463
951
752
650
272
691
742
863
834
733
477
430
748
874
638
286
593
491
785
890
962
830
378
283
682
683
941
150
67
752
486
951
551
228
888
17
920
208
544
486
735
489
825
895
28
221
441
391
840
816
60
565
923
756
499
176
905
67
452
335
546
720
375
154
141
35
878
244
90
134
326
848
604
659
707
538
164
502
45
647
315
298
537
499
61
781
260
51
322
367
234
618
898
177
521
897
781
491
990
578
948
981
235
888
553
688
383
795
783
259
128
287
872
804
783
655
951
825
669
367
900
215
707
804
50
118
190
537
965
896
861
616
185
117
329
185
617
18
401
545
78
350
372
198
778
155
259
655
892
527
224
324
178
665
112
480
541
383
984
67
485
731
861
324
904
465
137
478
411
237
318
245
537
1
510
853
354
213
674
412
782
837
403
781
712
67
275
390
608
344
120
913
993
493
66
509
238
991
202
279
3
538
570
328
342
7
525
934
366
819
367
573
145
578
141
105
837
731
840
532
108
337
219
389
32
266
305
617
956
434
345
308
155
202
730
68
350
151
220
966
782
845
702
287
565
548
746
625
338
8
510
453
854
767
100
480
32
278
778
965
28
855
94
666
989
88
835
763
742
232
833
814
858
730
72
767
79
583
757
981
198
672
724
657
257
665
220
22
76
943
822
98
815
935
219
125
555
618
741
269
251
751
132
149
863
711
521
803
900
2
908
470
977
967
186
760
837
424
624
177
569
541
684
153
654
534
202
120
718
827
646
782
590
947
386
518
714
417
944
447
174
553
876
978
4
380
204
136
780
568
902
44
671
112
633
142
41
132
253
71
799
787
939
775
205
906
206
652
91
791
586
265
619
415
481
114
208
436
51
809
329
269
873
956
861
492
330
985
890
12
384
879
871
444
100
20
650
595
863
277
520
294
618
339
607
536
42
221
862
829
37
84
308
454
368
42
479
512
7
313
775
457
579
991
36
828
292
120
846
729
223
756
716
783
128
528
517
750
151
520
799
86
564
96
611
697
754
34
609
263
557
461
624
66
954
463
751
66
387
854
370
965
940
448
855
404
761
334
21
363
237
816
362
380
200
680
543
629
73
807
857
672
384
331
253
202
891
527
738
856
406
257
643
333
359
306
127
388
236
623
209
866
544
103
969
294
905
2
97
921
93
782
972
80
867
318
743
757
931
