0000000000000000000000000000000000000000000000000011111111111111111111111111111111111111111111111111222222222222222222222222222222222222222222222222223333333333333333333333333333333333333333333333333344444444444444444444444444444444444444444444444444
00000000000000000000000000000000000000000000000000
000000000000000000000000000000000000000000000000001111111111111111111111111111111111111111111111111122222222222222222222222222222222222222222222222222
0000000000000000000000000000000000000000000000000011111111111111111111111111111111111111111111111111222222222222222222222222222222222222222222222222223333333333333333333333333333333333333333333333333344444444444444444444444444444444444444444444444444555555555555555555555555555555555555555555555555556666666666666666666666666666666666666666666666666677777777777777777777777777777777777777777777777777
000000000000000000000000000000000000000000000000001111111111111111111111111111111111111111111111111122222222222222222222222222222222222222222222222222333333333333333333333333333333333333333333333333334444444444444444444444444444444444444444444444444455555555555555555555555555555555555555555555555555
0000000000000000000000000000000000000000000000000011111111111111111111111111111111111111111111111111
00000000000000000000000000000000000000000000000000111111111111111111111111111111111111111111111111112222222222222222222222222222222222222222222222222233333333333333333333333333333333333333333333333333
00000000000000000000000000000000000000000000000000111111111111111111111111111111111111111111111111112222222222222222222222222222222222222222222222222233333333333333333333333333333333333333333333333333444444444444444444444444444444444444444444444444445555555555555555555555555555555555555555555555555566666666666666666666666666666666666666666666666666
00000000000000000000000000000000000000000000000000
00000000000000000000000000000000000000000000000000
